1.48453e-05
1.48453e-05
1.48453e-05
1.48453e-05
1.48453e-05
1.48453e-05
1.48453e-05
1.48453e-05
1.48453e-05
1.48453e-05
1.48453e-05
1.48453e-05
1.48453e-05
1.48453e-05
1.48453e-05
0.000332344
1.48453e-05
1.48453e-05
1.48453e-05
1.48453e-05
1.48453e-05
1.48453e-05
1.48453e-05
1.48453e-05
1.48453e-05
1.48453e-05
1.48453e-05
1.48453e-05
1.48453e-05
1.48453e-05
1.48453e-05
0.000332344
1.48453e-05
1.48453e-05
1.48453e-05
1.48453e-05
1.48453e-05
1.48453e-05
1.48453e-05
1.48453e-05
1.48453e-05
1.48453e-05
1.48453e-05
1.48453e-05
1.48453e-05
1.48453e-05
1.48453e-05
0.000332344
1.48453e-05
1.48453e-05
1.48453e-05
1.48453e-05
1.48453e-05
1.48453e-05
1.48453e-05
1.48453e-05
1.48453e-05
1.48453e-05
1.48453e-05
1.48453e-05
1.48453e-05
1.48453e-05
1.48453e-05
0.000332344
1.48453e-05
1.48453e-05
1.48453e-05
1.48453e-05
1.48453e-05
1.48453e-05
1.48453e-05
1.48453e-05
1.48453e-05
1.48453e-05
1.48453e-05
1.48453e-05
1.48453e-05
1.48453e-05
1.48453e-05
0.000332344
1.48453e-05
1.48453e-05
1.48453e-05
1.48453e-05
1.48453e-05
1.48453e-05
1.48453e-05
1.48453e-05
1.48453e-05
1.48453e-05
1.48453e-05
1.48453e-05
1.48453e-05
1.48453e-05
1.48453e-05
0.000332344
1.48453e-05
1.48453e-05
1.48453e-05
1.48453e-05
1.48453e-05
1.48453e-05
1.48453e-05
1.48453e-05
1.48453e-05
1.48453e-05
1.48453e-05
1.48453e-05
1.48453e-05
1.48453e-05
1.48453e-05
0.000332344
0.000199372
0.000199372
0.000199372
0.000199372
0.000199372
0.000199372
0.000199372
0.000199372
0.000199372
0.000199372
0.000199372
0.000199372
0.000199372
0.000199372
0.000199372
0.000340398
1.48453e-05
1.48453e-05
1.48453e-05
1.48453e-05
1.48453e-05
1.48453e-05
1.48453e-05
1.48453e-05
1.48453e-05
1.48453e-05
1.48453e-05
1.48453e-05
1.48453e-05
1.48453e-05
1.48453e-05
0.000332344
1.48453e-05
1.48453e-05
1.48453e-05
1.48453e-05
1.48453e-05
1.48453e-05
1.48453e-05
1.48453e-05
1.48453e-05
1.48453e-05
1.48453e-05
1.48453e-05
1.48453e-05
1.48453e-05
1.48453e-05
0.000332344
1.48453e-05
1.48453e-05
1.48453e-05
1.48453e-05
1.48453e-05
1.48453e-05
1.48453e-05
1.48453e-05
1.48453e-05
1.48453e-05
1.48453e-05
1.48453e-05
1.48453e-05
1.48453e-05
1.48453e-05
0.000332344
1.48453e-05
1.48453e-05
1.48453e-05
1.48453e-05
1.48453e-05
1.48453e-05
1.48453e-05
1.48453e-05
1.48453e-05
1.48453e-05
1.48453e-05
1.48453e-05
1.48453e-05
1.48453e-05
1.48453e-05
0.000332344
1.48453e-05
1.48453e-05
1.48453e-05
1.48453e-05
1.48453e-05
1.48453e-05
1.48453e-05
1.48453e-05
1.48453e-05
1.48453e-05
1.48453e-05
1.48453e-05
1.48453e-05
1.48453e-05
1.48453e-05
0.000332344
1.48453e-05
1.48453e-05
1.48453e-05
1.48453e-05
1.48453e-05
1.48453e-05
1.48453e-05
1.48453e-05
1.48453e-05
1.48453e-05
1.48453e-05
1.48453e-05
1.48453e-05
1.48453e-05
1.48453e-05
0.000332344
1.48453e-05
1.48453e-05
1.48453e-05
1.48453e-05
1.48453e-05
1.48453e-05
1.48453e-05
1.48453e-05
1.48453e-05
1.48453e-05
1.48453e-05
1.48453e-05
1.48453e-05
1.48453e-05
1.48453e-05
0.000332344
0.000199372
0.000199372
0.000199372
0.000199372
0.000199372
0.000199372
0.000199372
0.000199372
0.000199372
0.000199372
0.000199372
0.000199372
0.000199372
0.000199372
0.000199372
0.000340398
1.48453e-05
1.48453e-05
1.48453e-05
1.48453e-05
1.48453e-05
1.48453e-05
1.48453e-05
1.48453e-05
1.48453e-05
1.48453e-05
1.48453e-05
1.48453e-05
1.48453e-05
1.48453e-05
1.48453e-05
0.000332344
1.48453e-05
1.48453e-05
1.48453e-05
1.48453e-05
1.48453e-05
1.48453e-05
1.48453e-05
1.48453e-05
1.48453e-05
1.48453e-05
1.48453e-05
1.48453e-05
1.48453e-05
1.48453e-05
1.48453e-05
0.000332344
1.48453e-05
1.48453e-05
1.48453e-05
1.48453e-05
1.48453e-05
1.48453e-05
1.48453e-05
1.48453e-05
1.48453e-05
1.48453e-05
1.48453e-05
1.48453e-05
1.48453e-05
1.48453e-05
1.48453e-05
0.000332344
1.48453e-05
1.48453e-05
1.48453e-05
1.48453e-05
1.48453e-05
1.48453e-05
1.48453e-05
1.48453e-05
1.48453e-05
1.48453e-05
1.48453e-05
1.48453e-05
1.48453e-05
1.48453e-05
1.48453e-05
0.000332344
1.48453e-05
1.48453e-05
1.48453e-05
1.48453e-05
1.48453e-05
1.48453e-05
1.48453e-05
1.48453e-05
1.48453e-05
1.48453e-05
1.48453e-05
1.48453e-05
1.48453e-05
1.48453e-05
1.48453e-05
0.000332344
1.48453e-05
1.48453e-05
1.48453e-05
1.48453e-05
1.48453e-05
1.48453e-05
1.48453e-05
1.48453e-05
1.48453e-05
1.48453e-05
1.48453e-05
1.48453e-05
1.48453e-05
1.48453e-05
1.48453e-05
0.000332344
1.48453e-05
1.48453e-05
1.48453e-05
1.48453e-05
1.48453e-05
1.48453e-05
1.48453e-05
1.48453e-05
1.48453e-05
1.48453e-05
1.48453e-05
1.48453e-05
1.48453e-05
1.48453e-05
1.48453e-05
0.000332344
0.000199372
0.000199372
0.000199372
0.000199372
0.000199372
0.000199372
0.000199372
0.000199372
0.000199372
0.000199372
0.000199372
0.000199372
0.000199372
0.000199372
0.000199372
0.000340398
1.48453e-05
1.48453e-05
1.48453e-05
1.48453e-05
1.48453e-05
1.48453e-05
1.48453e-05
1.48453e-05
1.48453e-05
1.48453e-05
1.48453e-05
1.48453e-05
1.48453e-05
1.48453e-05
1.48453e-05
0.000332344
1.48453e-05
1.48453e-05
1.48453e-05
1.48453e-05
1.48453e-05
1.48453e-05
1.48453e-05
1.48453e-05
1.48453e-05
1.48453e-05
1.48453e-05
1.48453e-05
1.48453e-05
1.48453e-05
1.48453e-05
0.000332344
1.48453e-05
1.48453e-05
1.48453e-05
1.48453e-05
1.48453e-05
1.48453e-05
1.48453e-05
1.48453e-05
1.48453e-05
1.48453e-05
1.48453e-05
1.48453e-05
1.48453e-05
1.48453e-05
1.48453e-05
0.000332344
1.48453e-05
1.48453e-05
1.48453e-05
1.48453e-05
1.48453e-05
1.48453e-05
1.48453e-05
1.48453e-05
1.48453e-05
1.48453e-05
1.48453e-05
1.48453e-05
1.48453e-05
1.48453e-05
1.48453e-05
0.000332344
1.48453e-05
6.50864e-05
0.000165632
0.000196293
1.48453e-05
1.48453e-05
1.48453e-05
1.48453e-05
1.48453e-05
1.48453e-05
1.48453e-05
1.48453e-05
1.48453e-05
0.000204076
0.00112017
0.00215051
1.48453e-05
6.50864e-05
0.000165632
0.000196293
1.48453e-05
1.48453e-05
1.48453e-05
1.48453e-05
1.48453e-05
1.48453e-05
1.48453e-05
1.48453e-05
1.48453e-05
0.000204076
0.00112017
0.00215051
1.48453e-05
6.50864e-05
0.000165632
0.000196293
1.48453e-05
1.48453e-05
1.48453e-05
1.48453e-05
1.48453e-05
1.48453e-05
1.48453e-05
1.48453e-05
1.48453e-05
0.000204076
0.00112017
0.00215051
0.000199372
0.000201119
0.00026763
0.000292053
0.000199372
0.000199372
0.000199372
0.000199372
0.000199372
0.000199372
0.000199372
0.000199372
0.000199372
0.000397403
0.00141843
0.00221346
1.48453e-05
1.48453e-05
1.48453e-05
1.48453e-05
1.48453e-05
1.48453e-05
1.48453e-05
1.48453e-05
1.48453e-05
1.48453e-05
1.48453e-05
1.48453e-05
1.48453e-05
1.48453e-05
1.48453e-05
0.000332344
1.48453e-05
1.48453e-05
1.48453e-05
1.48453e-05
1.48453e-05
1.48453e-05
1.48453e-05
1.48453e-05
1.48453e-05
1.48453e-05
1.48453e-05
1.48453e-05
1.48453e-05
1.48453e-05
1.48453e-05
0.000332344
1.48453e-05
1.48453e-05
1.48453e-05
1.48453e-05
1.48453e-05
1.48453e-05
1.48453e-05
1.48453e-05
1.48453e-05
1.48453e-05
1.48453e-05
1.48453e-05
1.48453e-05
1.48453e-05
1.48453e-05
0.000332344
1.48453e-05
2.27149e-05
3.89513e-05
4.27625e-05
1.48453e-05
1.48453e-05
1.48453e-05
1.48453e-05
1.48453e-05
1.48453e-05
1.48453e-05
1.48453e-05
1.48453e-05
0.000219412
0.00115471
0.000489451
6.90161e-05
3.33098e-05
2.87339e-06
0.00018237
1.48453e-05
1.48453e-05
1.48453e-05
1.48453e-05
1.48453e-05
1.48453e-05
1.48453e-05
1.48453e-05
3.74513e-05
0.000456245
0.000300664
0.000106778
6.90161e-05
3.33098e-05
2.87339e-06
0.00018237
1.48453e-05
1.48453e-05
1.48453e-05
1.48453e-05
1.48453e-05
1.48453e-05
1.48453e-05
1.48453e-05
3.74513e-05
0.000456245
0.000300664
0.000106778
6.90161e-05
3.33098e-05
2.87339e-06
0.00018237
1.48453e-05
1.48453e-05
1.48453e-05
1.48453e-05
1.48453e-05
1.48453e-05
1.48453e-05
1.48453e-05
3.74513e-05
0.000456245
0.000300664
0.000106778
0.000342979
0.000322716
0.000326164
0.00031127
0.000199372
0.000199372
0.000199372
0.000199372
0.000199372
0.000199372
0.000199372
0.000199372
0.000208435
0.000691474
0.000988457
0.00124498
1.48453e-05
1.48453e-05
1.48453e-05
1.48453e-05
1.48453e-05
1.48453e-05
1.48453e-05
1.48453e-05
1.48453e-05
1.48453e-05
1.48453e-05
1.48453e-05
1.48453e-05
1.48453e-05
1.48453e-05
0.000332344
1.48453e-05
1.48453e-05
1.48453e-05
1.48453e-05
1.48453e-05
1.48453e-05
1.48453e-05
1.48453e-05
1.48453e-05
1.48453e-05
1.48453e-05
1.48453e-05
1.48453e-05
1.48453e-05
1.48453e-05
0.000332344
1.48453e-05
1.48453e-05
1.48453e-05
1.48453e-05
1.48453e-05
1.48453e-05
1.48453e-05
1.48453e-05
1.48453e-05
1.48453e-05
1.48453e-05
1.48453e-05
1.48453e-05
1.48453e-05
1.48453e-05
0.000332344
1.48453e-05
2.27149e-05
3.89513e-05
4.27625e-05
1.48453e-05
1.48453e-05
1.48453e-05
1.48453e-05
1.48453e-05
1.48453e-05
1.48453e-05
1.48453e-05
1.48453e-05
0.000219412
0.00115471
0.000489451
6.90161e-05
3.33098e-05
2.87339e-06
0.00018237
1.48453e-05
1.48453e-05
1.48453e-05
1.48453e-05
1.48453e-05
1.48453e-05
1.48453e-05
1.48453e-05
3.74513e-05
0.000456245
0.000300664
0.000106778
6.90161e-05
3.33098e-05
2.87339e-06
0.00018237
1.48453e-05
1.48453e-05
1.48453e-05
1.48453e-05
1.48453e-05
1.48453e-05
1.48453e-05
1.48453e-05
3.74513e-05
0.000456245
0.000300664
0.000106778
6.90161e-05
3.33098e-05
2.87339e-06
0.00018237
1.48453e-05
1.48453e-05
1.48453e-05
1.48453e-05
1.48453e-05
1.48453e-05
1.48453e-05
1.48453e-05
3.74513e-05
0.000456245
0.000300664
0.000106778
0.000342979
0.000322716
0.000326164
0.00031127
0.000199372
0.000199372
0.000199372
0.000199372
0.000199372
0.000199372
0.000199372
0.000199372
0.000208435
0.000691474
0.000988457
0.00124498
1.48453e-05
1.48453e-05
1.48453e-05
1.48453e-05
1.48453e-05
1.48453e-05
1.48453e-05
1.48453e-05
1.48453e-05
1.48453e-05
1.48453e-05
1.48453e-05
1.48453e-05
1.48453e-05
1.48453e-05
0.000332344
1.48453e-05
1.48453e-05
1.48453e-05
1.48453e-05
1.48453e-05
1.48453e-05
1.48453e-05
1.48453e-05
1.48453e-05
1.48453e-05
1.48453e-05
1.48453e-05
1.48453e-05
1.48453e-05
1.48453e-05
0.000332344
1.48453e-05
1.48453e-05
1.48453e-05
1.48453e-05
1.48453e-05
1.48453e-05
1.48453e-05
1.48453e-05
1.48453e-05
1.48453e-05
1.48453e-05
1.48453e-05
1.48453e-05
1.48453e-05
1.48453e-05
0.000332344
1.48453e-05
2.27149e-05
3.89513e-05
4.27625e-05
1.48453e-05
1.48453e-05
1.48453e-05
1.48453e-05
1.48453e-05
1.48453e-05
1.48453e-05
1.48453e-05
1.48453e-05
0.000219412
0.00115471
0.000489451
6.90161e-05
3.33098e-05
2.87339e-06
0.00018237
1.48453e-05
1.48453e-05
1.48453e-05
1.48453e-05
1.48453e-05
1.48453e-05
1.48453e-05
1.48453e-05
3.74513e-05
0.000456245
0.000300664
0.000106778
6.90161e-05
3.33098e-05
2.87339e-06
0.00018237
1.48453e-05
1.48453e-05
1.48453e-05
1.48453e-05
1.48453e-05
1.48453e-05
1.48453e-05
1.48453e-05
3.74513e-05
0.000456245
0.000300664
0.000106778
6.90161e-05
3.33098e-05
2.87339e-06
0.00018237
1.48453e-05
1.48453e-05
1.48453e-05
1.48453e-05
1.48453e-05
1.48453e-05
1.48453e-05
1.48453e-05
3.74513e-05
0.000456245
0.000300664
0.000106778
0.000342979
0.000322716
0.000326164
0.00031127
0.000199372
0.000199372
0.000199372
0.000199372
0.000199372
0.000199372
0.000199372
0.000199372
0.000208435
0.000691474
0.000988457
0.00124498
0.000277969
0.000277969
0.000277969
0.000277969
0.000277969
0.000277969
0.000277969
0.000277969
0.000277969
0.000277969
0.000277969
0.000277969
0.000277969
0.000277969
0.000277969
0.000348815
0.000277969
0.000277969
0.000277969
0.000277969
0.000277969
0.000277969
0.000277969
0.000277969
0.000277969
0.000277969
0.000277969
0.000277969
0.000277969
0.000277969
0.000277969
0.000348815
0.000277969
0.000277969
0.000277969
0.000277969
0.000277969
0.000277969
0.000277969
0.000277969
0.000277969
0.000277969
0.000277969
0.000277969
0.000277969
0.000277969
0.000277969
0.000348815
0.000277969
0.00027199
0.000280464
0.000286525
0.000277969
0.000277969
0.000277969
0.000277969
0.000277969
0.000277969
0.000277969
0.000277969
0.000277969
0.000493518
0.0015148
0.000532643
0.000386276
0.000461004
0.00050207
0.000678164
0.000277969
0.000277969
0.000277969
0.000277969
0.000277969
0.000277969
0.000277969
0.000277969
0.000212546
0.000847842
0.00338966
0.00155912
0.000386276
0.000461004
0.00050207
0.000678164
0.000277969
0.000277969
0.000277969
0.000277969
0.000277969
0.000277969
0.000277969
0.000277969
0.000212546
0.000847842
0.00338966
0.00155912
0.000386276
0.000461004
0.00050207
0.000678164
0.000277969
0.000277969
0.000277969
0.000277969
0.000277969
0.000277969
0.000277969
0.000277969
0.000212546
0.000847842
0.00338966
0.00155912
0.000707185
0.000893454
0.00106981
0.00105869
0.000509442
0.000509442
0.000509442
0.000509442
0.000509442
0.000509442
0.000509442
0.000509442
0.000430476
0.00112675
0.00448459
0.00272661
0.00032852
0.00032852
0.00032852
0.00032852
0.00032852
0.00032852
0.00032852
0.00032852
0.00032852
0.00032852
0.00032852
0.00032852
0.00032852
0.00032852
0.00032852
0.00079934
0.00032852
0.00032852
0.00032852
0.00032852
0.00032852
0.00032852
0.00032852
0.00032852
0.00032852
0.00032852
0.00032852
0.00032852
0.00032852
0.00032852
0.00032852
0.00079934
0.00032852
0.00032852
0.00032852
0.00032852
0.00032852
0.00032852
0.00032852
0.00032852
0.00032852
0.00032852
0.00032852
0.00032852
0.00032852
0.00032852
0.00032852
0.00079934
0.00032852
0.00032852
0.00032852
0.00032852
0.00032852
0.00032852
0.00032852
0.00032852
0.00032852
0.00032852
0.00032852
0.00032852
0.00032852
0.00032852
0.00032852
0.00079934
0.00032852
0.00032852
0.00032852
0.00032852
0.00032852
0.00032852
0.00032852
0.00032852
0.00032852
0.00032852
0.00032852
0.00032852
0.00032852
0.00032852
0.00032852
0.00079934
0.00032852
0.00032852
0.00032852
0.00032852
0.00032852
0.00032852
0.00032852
0.00032852
0.00032852
0.00032852
0.00032852
0.00032852
0.00032852
0.00032852
0.00032852
0.00079934
0.00032852
0.00032852
0.00032852
0.00032852
0.00032852
0.00032852
0.00032852
0.00032852
0.00032852
0.00032852
0.00032852
0.00032852
0.00032852
0.00032852
0.00032852
0.00079934
0.997601
0.997601
0.997601
0.997601
0.997601
0.997601
0.997601
0.997601
0.997601
0.997601
0.997601
0.997601
0.997601
0.997601
0.997601
0.997977
0.00032852
0.00032852
0.00032852
0.00032852
0.00032852
0.00032852
0.00032852
0.00032852
0.00032852
0.00032852
0.00032852
0.00032852
0.00032852
0.00032852
0.00032852
0.00079934
0.00032852
0.00032852
0.00032852
0.00032852
0.00032852
0.00032852
0.00032852
0.00032852
0.00032852
0.00032852
0.00032852
0.00032852
0.00032852
0.00032852
0.00032852
0.00079934
0.00032852
0.00032852
0.00032852
0.00032852
0.00032852
0.00032852
0.00032852
0.00032852
0.00032852
0.00032852
0.00032852
0.00032852
0.00032852
0.00032852
0.00032852
0.00079934
0.00032852
0.00032852
0.00032852
0.00032852
0.00032852
0.00032852
0.00032852
0.00032852
0.00032852
0.00032852
0.00032852
0.00032852
0.00032852
0.00032852
0.00032852
0.00079934
0.00032852
0.00032852
0.00032852
0.00032852
0.00032852
0.00032852
0.00032852
0.00032852
0.00032852
0.00032852
0.00032852
0.00032852
0.00032852
0.00032852
0.00032852
0.00079934
0.00032852
0.00032852
0.00032852
0.00032852
0.00032852
0.00032852
0.00032852
0.00032852
0.00032852
0.00032852
0.00032852
0.00032852
0.00032852
0.00032852
0.00032852
0.00079934
0.00032852
0.00032852
0.00032852
0.00032852
0.00032852
0.00032852
0.00032852
0.00032852
0.00032852
0.00032852
0.00032852
0.00032852
0.00032852
0.00032852
0.00032852
0.00079934
0.997601
0.997601
0.997601
0.997601
0.997601
0.997601
0.997601
0.997601
0.997601
0.997601
0.997601
0.997601
0.997601
0.997601
0.997601
0.997977
0.00032852
0.00032852
0.00032852
0.00032852
0.00032852
0.00032852
0.00032852
0.00032852
0.00032852
0.00032852
0.00032852
0.00032852
0.00032852
0.00032852
0.00032852
0.00079934
0.00032852
0.00032852
0.00032852
0.00032852
0.00032852
0.00032852
0.00032852
0.00032852
0.00032852
0.00032852
0.00032852
0.00032852
0.00032852
0.00032852
0.00032852
0.00079934
0.00032852
0.00032852
0.00032852
0.00032852
0.00032852
0.00032852
0.00032852
0.00032852
0.00032852
0.00032852
0.00032852
0.00032852
0.00032852
0.00032852
0.00032852
0.00079934
0.00032852
0.00032852
0.00032852
0.00032852
0.00032852
0.00032852
0.00032852
0.00032852
0.00032852
0.00032852
0.00032852
0.00032852
0.00032852
0.00032852
0.00032852
0.00079934
0.00032852
0.00032852
0.00032852
0.00032852
0.00032852
0.00032852
0.00032852
0.00032852
0.00032852
0.00032852
0.00032852
0.00032852
0.00032852
0.00032852
0.00032852
0.00079934
0.00032852
0.00032852
0.00032852
0.00032852
0.00032852
0.00032852
0.00032852
0.00032852
0.00032852
0.00032852
0.00032852
0.00032852
0.00032852
0.00032852
0.00032852
0.00079934
0.00032852
0.00032852
0.00032852
0.00032852
0.00032852
0.00032852
0.00032852
0.00032852
0.00032852
0.00032852
0.00032852
0.00032852
0.00032852
0.00032852
0.00032852
0.00079934
0.997601
0.997601
0.997601
0.997601
0.997601
0.997601
0.997601
0.997601
0.997601
0.997601
0.997601
0.997601
0.997601
0.997601
0.997601
0.997977
0.00032852
0.00032852
0.00032852
0.00032852
0.00032852
0.00032852
0.00032852
0.00032852
0.00032852
0.00032852
0.00032852
0.00032852
0.00032852
0.00032852
0.00032852
0.00079934
0.00032852
0.00032852
0.00032852
0.00032852
0.00032852
0.00032852
0.00032852
0.00032852
0.00032852
0.00032852
0.00032852
0.00032852
0.00032852
0.00032852
0.00032852
0.00079934
0.00032852
0.00032852
0.00032852
0.00032852
0.00032852
0.00032852
0.00032852
0.00032852
0.00032852
0.00032852
0.00032852
0.00032852
0.00032852
0.00032852
0.00032852
0.00079934
0.00032852
0.00032852
0.00032852
0.00032852
0.00032852
0.00032852
0.00032852
0.00032852
0.00032852
0.00032852
0.00032852
0.00032852
0.00032852
0.00032852
0.00032852
0.00079934
0.00032852
0.00032852
0.00032852
0.00032852
0.00032852
0.00032852
0.00032852
0.00032852
0.00032852
0.00032852
0.00032852
0.00032852
0.00032852
0.00032852
0.00032852
0.00079934
0.00032852
0.00032852
0.00032852
0.00032852
0.00032852
0.00032852
0.00032852
0.00032852
0.00032852
0.00032852
0.00032852
0.00032852
0.00032852
0.00032852
0.00032852
0.00079934
0.00032852
0.00032852
0.00032852
0.00032852
0.00032852
0.00032852
0.00032852
0.00032852
0.00032852
0.00032852
0.00032852
0.00032852
0.00032852
0.00032852
0.00032852
0.00079934
0.997601
0.997601
0.997601
0.997601
0.997601
0.997601
0.997601
0.997601
0.997601
0.997601
0.997601
0.997601
0.997601
0.997601
0.997601
0.997977
0.00032852
0.00032852
0.00032852
0.00032852
0.00032852
0.00032852
0.00032852
0.00032852
0.00032852
0.00032852
0.00032852
0.00032852
0.00032852
0.00032852
0.00032852
0.00079934
0.00032852
0.00032852
0.00032852
0.00032852
0.00032852
0.00032852
0.00032852
0.00032852
0.00032852
0.00032852
0.00032852
0.00032852
0.00032852
0.00032852
0.00032852
0.00079934
0.00032852
0.00032852
0.00032852
0.00032852
0.00032852
0.00032852
0.00032852
0.00032852
0.00032852
0.00032852
0.00032852
0.00032852
0.00032852
0.00032852
0.00032852
0.00079934
0.00032852
0.00032852
0.00032852
0.00032852
0.00032852
0.00032852
0.00032852
0.00032852
0.00032852
0.00032852
0.00032852
0.00032852
0.00032852
0.00032852
0.00032852
0.00079934
0.00032852
0.00032852
0.00032852
0.00032852
0.00032852
0.00032852
0.00032852
0.00032852
0.00032852
0.00032852
0.00032852
0.00032852
0.00032852
0.00032852
0.00032852
0.00079934
0.00032852
0.00032852
0.00032852
0.00032852
0.00032852
0.00032852
0.00032852
0.00032852
0.00032852
0.00032852
0.00032852
0.00032852
0.00032852
0.00032852
0.00032852
0.00079934
0.00032852
0.00032852
0.00032852
0.00032852
0.00032852
0.00032852
0.00032852
0.00032852
0.00032852
0.00032852
0.00032852
0.00032852
0.00032852
0.00032852
0.00032852
0.00079934
0.997601
0.997601
0.997601
0.997601
0.997601
0.997601
0.997601
0.997601
0.997601
0.997601
0.997601
0.997601
0.997601
0.997601
0.997601
0.997977
0.00032852
0.00032852
0.00032852
0.00032852
0.00032852
0.00032852
0.00032852
0.00032852
0.00032852
0.00032852
0.00032852
0.00032852
0.00032852
0.00032852
0.00032852
0.00079934
0.00032852
0.00032852
0.00032852
0.00032852
0.00032852
0.00032852
0.00032852
0.00032852
0.00032852
0.00032852
0.00032852
0.00032852
0.00032852
0.00032852
0.00032852
0.00079934
0.00032852
0.00032852
0.00032852
0.00032852
0.00032852
0.00032852
0.00032852
0.00032852
0.00032852
0.00032852
0.00032852
0.00032852
0.00032852
0.00032852
0.00032852
0.00079934
0.00032852
0.00032852
0.00032852
0.00032852
0.00032852
0.00032852
0.00032852
0.00032852
0.00032852
0.00032852
0.00032852
0.00032852
0.00032852
0.00032852
0.00032852
0.00079934
0.00032852
0.00032852
0.00032852
0.00032852
0.00032852
0.00032852
0.00032852
0.00032852
0.00032852
0.00032852
0.00032852
0.00032852
0.00032852
0.00032852
0.00032852
0.00079934
0.00032852
0.00032852
0.00032852
0.00032852
0.00032852
0.00032852
0.00032852
0.00032852
0.00032852
0.00032852
0.00032852
0.00032852
0.00032852
0.00032852
0.00032852
0.00079934
0.00032852
0.00032852
0.00032852
0.00032852
0.00032852
0.00032852
0.00032852
0.00032852
0.00032852
0.00032852
0.00032852
0.00032852
0.00032852
0.00032852
0.00032852
0.00079934
0.997601
0.997601
0.997601
0.997601
0.997601
0.997601
0.997601
0.997601
0.997601
0.997601
0.997601
0.997601
0.997601
0.997601
0.997601
0.997977
0.00032852
0.00032852
0.00032852
0.00032852
0.00032852
0.00032852
0.00032852
0.00032852
0.00032852
0.00032852
0.00032852
0.00032852
0.00032852
0.00032852
0.00032852
0.00079934
0.00032852
0.00032852
0.00032852
0.00032852
0.00032852
0.00032852
0.00032852
0.00032852
0.00032852
0.00032852
0.00032852
0.00032852
0.00032852
0.00032852
0.00032852
0.00079934
0.00032852
0.00032852
0.00032852
0.00032852
0.00032852
0.00032852
0.00032852
0.00032852
0.00032852
0.00032852
0.00032852
0.00032852
0.00032852
0.00032852
0.00032852
0.00079934
0.00032852
0.00032852
0.00032852
0.00032852
0.00032852
0.00032852
0.00032852
0.00032852
0.00032852
0.00032852
0.00032852
0.00032852
0.00032852
0.00032852
0.00032852
0.00079934
0.00032852
0.00032852
0.00032852
0.00032852
0.00032852
0.00032852
0.00032852
0.00032852
0.00032852
0.00032852
0.00032852
0.00032852
0.00032852
0.00032852
0.00032852
0.00079934
0.00032852
0.00032852
0.00032852
0.00032852
0.00032852
0.00032852
0.00032852
0.00032852
0.00032852
0.00032852
0.00032852
0.00032852
0.00032852
0.00032852
0.00032852
0.00079934
0.00032852
0.00032852
0.00032852
0.00032852
0.00032852
0.00032852
0.00032852
0.00032852
0.00032852
0.00032852
0.00032852
0.00032852
0.00032852
0.00032852
0.00032852
0.00079934
0.997601
0.997601
0.997601
0.997601
0.997601
0.997601
0.997601
0.997601
0.997601
0.997601
0.997601
0.997601
0.997601
0.997601
0.997601
0.997977
0.000588542
0.000588542
0.000588542
0.000588542
0.000588542
0.000588542
0.000588542
0.000588542
0.000588542
0.000588542
0.000588542
0.000588542
0.000588542
0.000588542
0.000588542
0.00152414
0.000588542
0.000588542
0.000588542
0.000588542
0.000588542
0.000588542
0.000588542
0.000588542
0.000588542
0.000588542
0.000588542
0.000588542
0.000588542
0.000588542
0.000588542
0.00152414
0.000588542
0.000588542
0.000588542
0.000588542
0.000588542
0.000588542
0.000588542
0.000588542
0.000588542
0.000588542
0.000588542
0.000588542
0.000588542
0.000588542
0.000588542
0.00152414
0.000588542
0.000588542
0.000588542
0.000588542
0.000588542
0.000588542
0.000588542
0.000588542
0.000588542
0.000588542
0.000588542
0.000588542
0.000588542
0.000588542
0.000588542
0.00152414
0.000588542
0.000588542
0.000588542
0.000588542
0.000588542
0.000588542
0.000588542
0.000588542
0.000588542
0.000588542
0.000588542
0.000588542
0.000588542
0.000588542
0.000588542
0.00152414
0.000588542
0.000588542
0.000588542
0.000588542
0.000588542
0.000588542
0.000588542
0.000588542
0.000588542
0.000588542
0.000588542
0.000588542
0.000588542
0.000588542
0.000588542
0.00152414
0.000588542
0.000588542
0.000588542
0.000588542
0.000588542
0.000588542
0.000588542
0.000588542
0.000588542
0.000588542
0.000588542
0.000588542
0.000588542
0.000588542
0.000588542
0.00152414
0.989374
0.989374
0.989374
0.989374
0.989374
0.989374
0.989374
0.989374
0.989374
0.989374
0.989374
0.989374
0.989374
0.989374
0.989374
0.990215
0.000341259
0.000341259
0.000341259
0.000341259
0.000341259
0.000341259
0.000341259
0.000341259
0.000341259
0.000341259
0.000341259
0.000341259
0.000341259
0.000341259
0.000341259
0.000615807
0.000341259
0.000341259
0.000341259
0.000341259
0.000341259
0.000341259
0.000341259
0.000341259
0.000341259
0.000341259
0.000341259
0.000341259
0.000341259
0.000341259
0.000341259
0.000615807
0.000341259
0.000341259
0.000341259
0.000341259
0.000341259
0.000341259
0.000341259
0.000341259
0.000341259
0.000341259
0.000341259
0.000341259
0.000341259
0.000341259
0.000341259
0.000615807
0.000341259
0.000341259
0.000341259
0.000341259
0.000341259
0.000341259
0.000341259
0.000341259
0.000341259
0.000341259
0.000341259
0.000341259
0.000341259
0.000341259
0.000341259
0.000615807
0.000341259
0.000341259
0.000341259
0.000341259
0.000341259
0.000341259
0.000341259
0.000341259
0.000341259
0.000341259
0.000341259
0.000341259
0.000341259
0.000341259
0.000341259
0.000615807
0.000341259
0.000341259
0.000341259
0.000341259
0.000341259
0.000341259
0.000341259
0.000341259
0.000341259
0.000341259
0.000341259
0.000341259
0.000341259
0.000341259
0.000341259
0.000615807
0.000341259
0.000341259
0.000341259
0.000341259
0.000341259
0.000341259
0.000341259
0.000341259
0.000341259
0.000341259
0.000341259
0.000341259
0.000341259
0.000341259
0.000341259
0.000615807
0.000532076
0.000532076
0.000532076
0.000532076
0.000532076
0.000532076
0.000532076
0.000532076
0.000532076
0.000532076
0.000532076
0.000532076
0.000532076
0.000532076
0.000532076
0.000983439
0.000341259
0.000341259
0.000341259
0.000341259
0.000341259
0.000341259
0.000341259
0.000341259
0.000341259
0.000341259
0.000341259
0.000341259
0.000341259
0.000341259
0.000341259
0.000615807
0.000341259
0.000341259
0.000341259
0.000341259
0.000341259
0.000341259
0.000341259
0.000341259
0.000341259
0.000341259
0.000341259
0.000341259
0.000341259
0.000341259
0.000341259
0.000615807
0.000341259
0.000341259
0.000341259
0.000341259
0.000341259
0.000341259
0.000341259
0.000341259
0.000341259
0.000341259
0.000341259
0.000341259
0.000341259
0.000341259
0.000341259
0.000615807
0.000341259
0.000341259
0.000341259
0.000341259
0.000341259
0.000341259
0.000341259
0.000341259
0.000341259
0.000341259
0.000341259
0.000341259
0.000341259
0.000341259
0.000341259
0.000615807
0.000341259
0.000341259
0.000341259
0.000341259
0.000341259
0.000341259
0.000341259
0.000341259
0.000341259
0.000341259
0.000341259
0.000341259
0.000341259
0.000341259
0.000341259
0.000615807
0.000341259
0.000341259
0.000341259
0.000341259
0.000341259
0.000341259
0.000341259
0.000341259
0.000341259
0.000341259
0.000341259
0.000341259
0.000341259
0.000341259
0.000341259
0.000615807
0.000341259
0.000341259
0.000341259
0.000341259
0.000341259
0.000341259
0.000341259
0.000341259
0.000341259
0.000341259
0.000341259
0.000341259
0.000341259
0.000341259
0.000341259
0.000615807
0.000532076
0.000532076
0.000532076
0.000532076
0.000532076
0.000532076
0.000532076
0.000532076
0.000532076
0.000532076
0.000532076
0.000532076
0.000532076
0.000532076
0.000532076
0.000983439
0.000341259
0.000341259
0.000341259
0.000341259
0.000341259
0.000341259
0.000341259
0.000341259
0.000341259
0.000341259
0.000341259
0.000341259
0.000341259
0.000341259
0.000341259
0.000615807
0.000341259
0.000341259
0.000341259
0.000341259
0.000341259
0.000341259
0.000341259
0.000341259
0.000341259
0.000341259
0.000341259
0.000341259
0.000341259
0.000341259
0.000341259
0.000615807
0.000341259
0.000341259
0.000341259
0.000341259
0.000341259
0.000341259
0.000341259
0.000341259
0.000341259
0.000341259
0.000341259
0.000341259
0.000341259
0.000341259
0.000341259
0.000615807
0.000341259
0.000341259
0.000341259
0.000341259
0.000341259
0.000341259
0.000341259
0.000341259
0.000341259
0.000341259
0.000341259
0.000341259
0.000341259
0.000341259
0.000341259
0.000615807
0.000341259
0.000341259
0.000341259
0.000341259
0.000341259
0.000341259
0.000341259
0.000341259
0.000341259
0.000341259
0.000341259
0.000341259
0.000341259
0.000341259
0.000341259
0.000615807
0.000341259
0.000341259
0.000341259
0.000341259
0.000341259
0.000341259
0.000341259
0.000341259
0.000341259
0.000341259
0.000341259
0.000341259
0.000341259
0.000341259
0.000341259
0.000615807
0.000341259
0.000341259
0.000341259
0.000341259
0.000341259
0.000341259
0.000341259
0.000341259
0.000341259
0.000341259
0.000341259
0.000341259
0.000341259
0.000341259
0.000341259
0.000615807
0.000532076
0.000532076
0.000532076
0.000532076
0.000532076
0.000532076
0.000532076
0.000532076
0.000532076
0.000532076
0.000532076
0.000532076
0.000532076
0.000532076
0.000532076
0.000983439
0.000341259
0.000341259
0.000341259
0.000341259
0.000341259
0.000341259
0.000341259
0.000341259
0.000341259
0.000341259
0.000341259
0.000341259
0.000341259
0.000341259
0.000341259
0.000615807
0.000341259
0.000341259
0.000341259
0.000341259
0.000341259
0.000341259
0.000341259
0.000341259
0.000341259
0.000341259
0.000341259
0.000341259
0.000341259
0.000341259
0.000341259
0.000615807
0.000341259
0.000341259
0.000341259
0.000341259
0.000341259
0.000341259
0.000341259
0.000341259
0.000341259
0.000341259
0.000341259
0.000341259
0.000341259
0.000341259
0.000341259
0.000615807
0.000341259
0.000341259
0.000341259
0.000341259
0.000341259
0.000341259
0.000341259
0.000341259
0.000341259
0.000341259
0.000341259
0.000341259
0.000341259
0.000341259
0.000341259
0.000615807
0.000341259
0.000341259
0.000341259
0.000341259
0.000341259
0.000341259
0.000341259
0.000341259
0.000341259
0.000341259
0.000341259
0.000341259
0.000341259
0.000341259
0.000341259
0.000615807
0.000341259
0.000341259
0.000341259
0.000341259
0.000341259
0.000341259
0.000341259
0.000341259
0.000341259
0.000341259
0.000341259
0.000341259
0.000341259
0.000341259
0.000341259
0.000615807
0.000341259
0.000341259
0.000341259
0.000341259
0.000341259
0.000341259
0.000341259
0.000341259
0.000341259
0.000341259
0.000341259
0.000341259
0.000341259
0.000341259
0.000341259
0.000615807
0.000532076
0.000532076
0.000532076
0.000532076
0.000532076
0.000532076
0.000532076
0.000532076
0.000532076
0.000532076
0.000532076
0.000532076
0.000532076
0.000532076
0.000532076
0.000983439
0.000341259
0.000341259
0.000341259
0.000341259
0.000341259
0.000341259
0.000341259
0.000341259
0.000341259
0.000341259
0.000341259
0.000341259
0.000341259
0.000341259
0.000341259
0.000615807
0.000341259
0.000341259
0.000341259
0.000341259
0.000341259
0.000341259
0.000341259
0.000341259
0.000341259
0.000341259
0.000341259
0.000341259
0.000341259
0.000341259
0.000341259
0.000615807
0.000341259
0.000341259
0.000341259
0.000341259
0.000341259
0.000341259
0.000341259
0.000341259
0.000341259
0.000341259
0.000341259
0.000341259
0.000341259
0.000341259
0.000341259
0.000615807
0.000341259
0.000341259
0.000341259
0.000341259
0.000341259
0.000341259
0.000341259
0.000341259
0.000341259
0.000341259
0.000341259
0.000341259
0.000341259
0.000341259
0.000341259
0.000615807
0.000341259
0.000341259
0.000341259
0.000341259
0.000341259
0.000341259
0.000341259
0.000341259
0.000341259
0.000341259
0.000341259
0.000341259
0.000341259
0.000341259
0.000341259
0.000615807
0.000341259
0.000341259
0.000341259
0.000341259
0.000341259
0.000341259
0.000341259
0.000341259
0.000341259
0.000341259
0.000341259
0.000341259
0.000341259
0.000341259
0.000341259
0.000615807
0.000341259
0.000341259
0.000341259
0.000341259
0.000341259
0.000341259
0.000341259
0.000341259
0.000341259
0.000341259
0.000341259
0.000341259
0.000341259
0.000341259
0.000341259
0.000615807
0.000532076
0.000532076
0.000532076
0.000532076
0.000532076
0.000532076
0.000532076
0.000532076
0.000532076
0.000532076
0.000532076
0.000532076
0.000532076
0.000532076
0.000532076
0.000983439
0.000341259
0.000341259
0.000341259
0.000341259
0.000341259
0.000341259
0.000341259
0.000341259
0.000341259
0.000341259
0.000341259
0.000341259
0.000341259
0.000341259
0.000341259
0.000615807
0.000341259
0.000341259
0.000341259
0.000341259
0.000341259
0.000341259
0.000341259
0.000341259
0.000341259
0.000341259
0.000341259
0.000341259
0.000341259
0.000341259
0.000341259
0.000615807
0.000341259
0.000341259
0.000341259
0.000341259
0.000341259
0.000341259
0.000341259
0.000341259
0.000341259
0.000341259
0.000341259
0.000341259
0.000341259
0.000341259
0.000341259
0.000615807
0.000341259
0.000341259
0.000341259
0.000341259
0.000341259
0.000341259
0.000341259
0.000341259
0.000341259
0.000341259
0.000341259
0.000341259
0.000341259
0.000341259
0.000341259
0.000615807
0.000341259
0.000341259
0.000341259
0.000341259
0.000341259
0.000341259
0.000341259
0.000341259
0.000341259
0.000341259
0.000341259
0.000341259
0.000341259
0.000341259
0.000341259
0.000615807
0.000341259
0.000341259
0.000341259
0.000341259
0.000341259
0.000341259
0.000341259
0.000341259
0.000341259
0.000341259
0.000341259
0.000341259
0.000341259
0.000341259
0.000341259
0.000615807
0.000341259
0.000341259
0.000341259
0.000341259
0.000341259
0.000341259
0.000341259
0.000341259
0.000341259
0.000341259
0.000341259
0.000341259
0.000341259
0.000341259
0.000341259
0.000615807
0.000532076
0.000532076
0.000532076
0.000532076
0.000532076
0.000532076
0.000532076
0.000532076
0.000532076
0.000532076
0.000532076
0.000532076
0.000532076
0.000532076
0.000532076
0.000983439
0.000341259
0.000341259
0.000341259
0.000341259
0.000341259
0.000341259
0.000341259
0.000341259
0.000341259
0.000341259
0.000341259
0.000341259
0.000341259
0.000341259
0.000341259
0.000615807
0.000341259
0.000341259
0.000341259
0.000341259
0.000341259
0.000341259
0.000341259
0.000341259
0.000341259
0.000341259
0.000341259
0.000341259
0.000341259
0.000341259
0.000341259
0.000615807
0.000341259
0.000341259
0.000341259
0.000341259
0.000341259
0.000341259
0.000341259
0.000341259
0.000341259
0.000341259
0.000341259
0.000341259
0.000341259
0.000341259
0.000341259
0.000615807
0.000341259
0.000341259
0.000341259
0.000341259
0.000341259
0.000341259
0.000341259
0.000341259
0.000341259
0.000341259
0.000341259
0.000341259
0.000341259
0.000341259
0.000341259
0.000615807
0.000341259
0.000341259
0.000341259
0.000341259
0.000341259
0.000341259
0.000341259
0.000341259
0.000341259
0.000341259
0.000341259
0.000341259
0.000341259
0.000341259
0.000341259
0.000615807
0.000341259
0.000341259
0.000341259
0.000341259
0.000341259
0.000341259
0.000341259
0.000341259
0.000341259
0.000341259
0.000341259
0.000341259
0.000341259
0.000341259
0.000341259
0.000615807
0.000341259
0.000341259
0.000341259
0.000341259
0.000341259
0.000341259
0.000341259
0.000341259
0.000341259
0.000341259
0.000341259
0.000341259
0.000341259
0.000341259
0.000341259
0.000615807
0.000532076
0.000532076
0.000532076
0.000532076
0.000532076
0.000532076
0.000532076
0.000532076
0.000532076
0.000532076
0.000532076
0.000532076
0.000532076
0.000532076
0.000532076
0.000983439
0.979467
0.979467
0.979467
0.979467
0.979467
0.979467
0.979467
0.979467
0.979467
0.979467
0.979467
0.979467
0.979467
0.979467
0.979467
0.979702
0.979467
0.979467
0.979467
0.979467
0.979467
0.979467
0.979467
0.979467
0.979467
0.979467
0.979467
0.979467
0.979467
0.979467
0.979467
0.979702
0.979467
0.979467
0.979467
0.979467
0.979467
0.979467
0.979467
0.979467
0.979467
0.979467
0.979467
0.979467
0.979467
0.979467
0.979467
0.979702
0.979467
0.979467
0.979467
0.979467
0.979467
0.979467
0.979467
0.979467
0.979467
0.979467
0.979467
0.979467
0.979467
0.979467
0.979467
0.979702
0.979467
0.979467
0.979467
0.979467
0.979467
0.979467
0.979467
0.979467
0.979467
0.979467
0.979467
0.979467
0.979467
0.979467
0.979467
0.979702
0.979467
0.979467
0.979467
0.979467
0.979467
0.979467
0.979467
0.979467
0.979467
0.979467
0.979467
0.979467
0.979467
0.979467
0.979467
0.979702
0.979467
0.979467
0.979467
0.979467
0.979467
0.979467
0.979467
0.979467
0.979467
0.979467
0.979467
0.979467
0.979467
0.979467
0.979467
0.979702
0.970643
0.970643
0.970643
0.970643
0.970643
0.970643
0.970643
0.970643
0.970643
0.970643
0.970643
0.970643
0.970643
0.970643
0.970643
0.971055
8.60565
8.60565
8.60565
8.60565
8.60565
8.60565
8.60565
8.60565
8.60565
8.60565
8.60565
8.60565
8.60565
8.60565
8.60565
12.5516
0.606704
0.606704
0.606704
0.606704
0.606704
0.606704
0.606704
0.606704
0.606704
0.606704
0.606704
0.606704
0.606704
0.606704
0.606704
4.55263
0.606704
0.606704
0.606704
0.606704
0.606704
0.606704
0.606704
0.606704
0.606704
0.606704
0.606704
0.606704
0.606704
0.606704
0.606704
4.55263
0.606704
0.606704
0.606704
0.606704
0.606704
0.606704
0.606704
0.606704
0.606704
0.606704
0.606704
0.606704
0.606704
0.606704
0.606704
4.55263
0.606704
0.606704
0.606704
0.606704
0.606704
0.606704
0.606704
0.606704
0.606704
0.606704
0.606704
0.606704
0.606704
0.606704
0.606704
4.55263
0.606704
0.606704
0.606704
0.606704
0.606704
0.606704
0.606704
0.606704
0.606704
0.606704
0.606704
0.606704
0.606704
0.606704
0.606704
4.55263
0.606704
0.606704
0.606704
0.606704
0.606704
0.606704
0.606704
0.606704
0.606704
0.606704
0.606704
0.606704
0.606704
0.606704
0.606704
4.55263
1.61942
1.61942
1.61942
1.61942
1.61942
1.61942
1.61942
1.61942
1.61942
1.61942
1.61942
1.61942
1.61942
1.61942
1.61942
5.42752
0.606704
0.606704
0.606704
0.606704
0.606704
0.606704
0.606704
0.606704
0.606704
0.606704
0.606704
0.606704
0.606704
0.606704
0.606704
4.55263
0.606704
0.606704
0.606704
0.606704
0.606704
0.606704
0.606704
0.606704
0.606704
0.606704
0.606704
0.606704
0.606704
0.606704
0.606704
4.55263
0.606704
0.606704
0.606704
0.606704
0.606704
0.606704
0.606704
0.606704
0.606704
0.606704
0.606704
0.606704
0.606704
0.606704
0.606704
4.55263
0.606704
0.606704
0.606704
0.606704
0.606704
0.606704
0.606704
0.606704
0.606704
0.606704
0.606704
0.606704
0.606704
0.606704
0.606704
4.55263
0.606704
0.606704
0.606704
0.606704
0.606704
0.606704
0.606704
0.606704
0.606704
0.606704
0.606704
0.606704
0.606704
0.606704
0.606704
4.55263
0.606704
0.606704
0.606704
0.606704
0.606704
0.606704
0.606704
0.606704
0.606704
0.606704
0.606704
0.606704
0.606704
0.606704
0.606704
4.55263
0.606704
0.606704
0.606704
0.606704
0.606704
0.606704
0.606704
0.606704
0.606704
0.606704
0.606704
0.606704
0.606704
0.606704
0.606704
4.55263
1.61942
1.61942
1.61942
1.61942
1.61942
1.61942
1.61942
1.61942
1.61942
1.61942
1.61942
1.61942
1.61942
1.61942
1.61942
5.42752
0.606704
0.606704
0.606704
0.606704
0.606704
0.606704
0.606704
0.606704
0.606704
0.606704
0.606704
0.606704
0.606704
0.606704
0.606704
4.55263
0.606704
0.606704
0.606704
0.606704
0.606704
0.606704
0.606704
0.606704
0.606704
0.606704
0.606704
0.606704
0.606704
0.606704
0.606704
4.55263
0.606704
0.606704
0.606704
0.606704
0.606704
0.606704
0.606704
0.606704
0.606704
0.606704
0.606704
0.606704
0.606704
0.606704
0.606704
4.55263
0.606704
0.606704
0.606704
0.606704
0.606704
0.606704
0.606704
0.606704
0.606704
0.606704
0.606704
0.606704
0.606704
0.606704
0.606704
4.55263
0.606704
0.606704
0.606704
0.606704
0.606704
0.606704
0.606704
0.606704
0.606704
0.606704
0.606704
0.606704
0.606704
0.606704
0.606704
4.55263
0.606704
0.606704
0.606704
0.606704
0.606704
0.606704
0.606704
0.606704
0.606704
0.606704
0.606704
0.606704
0.606704
0.606704
0.606704
4.55263
0.606704
0.606704
0.606704
0.606704
0.606704
0.606704
0.606704
0.606704
0.606704
0.606704
0.606704
0.606704
0.606704
0.606704
0.606704
4.55263
1.61942
1.61942
1.61942
1.61942
1.61942
1.61942
1.61942
1.61942
1.61942
1.61942
1.61942
1.61942
1.61942
1.61942
1.61942
5.42752
0.606704
0.606704
0.606704
0.606704
0.606704
0.606704
0.606704
0.606704
0.606704
0.606704
0.606704
0.606704
0.606704
0.606704
0.606704
4.55263
0.606704
0.606704
0.606704
0.606704
0.606704
0.606704
0.606704
0.606704
0.606704
0.606704
0.606704
0.606704
0.606704
0.606704
0.606704
4.55263
0.606704
0.606704
0.606704
0.606704
0.606704
0.606704
0.606704
0.606704
0.606704
0.606704
0.606704
0.606704
0.606704
0.606704
0.606704
4.55263
0.606704
0.606704
0.606704
0.606704
0.606704
0.606704
0.606704
0.606704
0.606704
0.606704
0.606704
0.606704
0.606704
0.606704
0.606704
4.55263
0.606704
0.606704
0.606704
0.606704
0.606704
0.606704
0.606704
0.606704
0.606704
0.606704
0.606704
0.606704
0.606704
0.606704
0.606704
4.55263
0.606704
0.606704
0.606704
0.606704
0.606704
0.606704
0.606704
0.606704
0.606704
0.606704
0.606704
0.606704
0.606704
0.606704
0.606704
4.55263
0.606704
0.606704
0.606704
0.606704
0.606704
0.606704
0.606704
0.606704
0.606704
0.606704
0.606704
0.606704
0.606704
0.606704
0.606704
4.55263
1.61942
1.61942
1.61942
1.61942
1.61942
1.61942
1.61942
1.61942
1.61942
1.61942
1.61942
1.61942
1.61942
1.61942
1.61942
5.42752
0.606704
0.606704
0.606704
0.606704
0.606704
0.606704
0.606704
0.606704
0.606704
0.606704
0.606704
0.606704
0.606704
0.606704
0.606704
4.55263
0.606704
0.606704
0.606704
0.606704
0.606704
0.606704
0.606704
0.606704
0.606704
0.606704
0.606704
0.606704
0.606704
0.606704
0.606704
4.55263
0.606704
0.606704
0.606704
0.606704
0.606704
0.606704
0.606704
0.606704
0.606704
0.606704
0.606704
0.606704
0.606704
0.606704
0.606704
4.55263
0.606704
0.606704
0.606704
0.606704
0.606704
0.606704
0.606704
0.606704
0.606704
0.606704
0.606704
0.606704
0.606704
0.606704
0.606704
4.55263
0.606704
0.606704
0.606704
0.606704
0.606704
0.606704
0.606704
0.606704
0.606704
0.606704
0.606704
0.606704
0.606704
0.606704
0.606704
4.55263
0.606704
0.606704
0.606704
0.606704
0.606704
0.606704
0.606704
0.606704
0.606704
0.606704
0.606704
0.606704
0.606704
0.606704
0.606704
4.55263
0.606704
0.606704
0.606704
0.606704
0.606704
0.606704
0.606704
0.606704
0.606704
0.606704
0.606704
0.606704
0.606704
0.606704
0.606704
4.55263
1.61942
1.61942
1.61942
1.61942
1.61942
1.61942
1.61942
1.61942
1.61942
1.61942
1.61942
1.61942
1.61942
1.61942
1.61942
5.42752
0.606704
0.606704
0.606704
0.606704
0.606704
0.606704
0.606704
0.606704
0.606704
0.606704
0.606704
0.606704
0.606704
0.606704
0.606704
4.55263
0.606704
0.606704
0.606704
0.606704
0.606704
0.606704
0.606704
0.606704
0.606704
0.606704
0.606704
0.606704
0.606704
0.606704
0.606704
4.55263
0.606704
0.606704
0.606704
0.606704
0.606704
0.606704
0.606704
0.606704
0.606704
0.606704
0.606704
0.606704
0.606704
0.606704
0.606704
4.55263
0.606704
0.606704
0.606704
0.606704
0.606704
0.606704
0.606704
0.606704
0.606704
0.606704
0.606704
0.606704
0.606704
0.606704
0.606704
4.55263
0.606704
0.606704
0.606704
0.606704
0.606704
0.606704
0.606704
0.606704
0.606704
0.606704
0.606704
0.606704
0.606704
0.606704
0.606704
4.55263
0.606704
0.606704
0.606704
0.606704
0.606704
0.606704
0.606704
0.606704
0.606704
0.606704
0.606704
0.606704
0.606704
0.606704
0.606704
4.55263
0.606704
0.606704
0.606704
0.606704
0.606704
0.606704
0.606704
0.606704
0.606704
0.606704
0.606704
0.606704
0.606704
0.606704
0.606704
4.55263
1.61942
1.61942
1.61942
1.61942
1.61942
1.61942
1.61942
1.61942
1.61942
1.61942
1.61942
1.61942
1.61942
1.61942
1.61942
5.42752
0.606704
0.606704
0.606704
0.606704
0.606704
0.606704
0.606704
0.606704
0.606704
0.606704
0.606704
0.606704
0.606704
0.606704
0.606704
4.55263
0.606704
0.606704
0.606704
0.606704
0.606704
0.606704
0.606704
0.606704
0.606704
0.606704
0.606704
0.606704
0.606704
0.606704
0.606704
4.55263
0.606704
0.606704
0.606704
0.606704
0.606704
0.606704
0.606704
0.606704
0.606704
0.606704
0.606704
0.606704
0.606704
0.606704
0.606704
4.55263
0.606704
0.606704
0.606704
0.606704
0.606704
0.606704
0.606704
0.606704
0.606704
0.606704
0.606704
0.606704
0.606704
0.606704
0.606704
4.55263
0.606704
0.606704
0.606704
0.606704
0.606704
0.606704
0.606704
0.606704
0.606704
0.606704
0.606704
0.606704
0.606704
0.606704
0.606704
4.55263
0.606704
0.606704
0.606704
0.606704
0.606704
0.606704
0.606704
0.606704
0.606704
0.606704
0.606704
0.606704
0.606704
0.606704
0.606704
4.55263
0.606704
0.606704
0.606704
0.606704
0.606704
0.606704
0.606704
0.606704
0.606704
0.606704
0.606704
0.606704
0.606704
0.606704
0.606704
4.55263
1.61942
1.61942
1.61942
1.61942
1.61942
1.61942
1.61942
1.61942
1.61942
1.61942
1.61942
1.61942
1.61942
1.61942
1.61942
5.42752
1.6096
1.6096
1.6096
1.6096
1.6096
1.6096
1.6096
1.6096
1.6096
1.6096
1.6096
1.6096
1.6096
1.6096
1.6096
5.36022
1.6096
1.6096
1.6096
1.6096
1.6096
1.6096
1.6096
1.6096
1.6096
1.6096
1.6096
1.6096
1.6096
1.6096
1.6096
5.36022
1.6096
1.6096
1.6096
1.6096
1.6096
1.6096
1.6096
1.6096
1.6096
1.6096
1.6096
1.6096
1.6096
1.6096
1.6096
5.36022
1.6096
1.6096
1.6096
1.6096
1.6096
1.6096
1.6096
1.6096
1.6096
1.6096
1.6096
1.6096
1.6096
1.6096
1.6096
5.36022
1.6096
1.6096
1.6096
1.6096
1.6096
1.6096
1.6096
1.6096
1.6096
1.6096
1.6096
1.6096
1.6096
1.6096
1.6096
5.36022
1.6096
1.6096
1.6096
1.6096
1.6096
1.6096
1.6096
1.6096
1.6096
1.6096
1.6096
1.6096
1.6096
1.6096
1.6096
5.36022
1.6096
1.6096
1.6096
1.6096
1.6096
1.6096
1.6096
1.6096
1.6096
1.6096
1.6096
1.6096
1.6096
1.6096
1.6096
5.36022
4.03805
4.03805
4.03805
4.03805
4.03805
4.03805
4.03805
4.03805
4.03805
4.03805
4.03805
4.03805
4.03805
4.03805
4.03805
7.65085
